extrinsics:
  - [1.0, 0.0, 0.0, 0.0,
     0.0, 1.0, 0.0, 0.0,
     0.0, 0.0, 1.0, 0.0,
     0.0, 0.0, 0.0, 1.0]
  - [1.0, 0.0, 0.0, 0.1,
     0.0, 1.0, 0.0, 0.0,
     0.0, 0.0, 1.0, 0.0,
     0.0, 0.0, 0.0, 1.0]
  - [1.0, 0.0, 0.0, 0.2,
     0.0, 1.0, 0.0, 0.0,
     0.0, 0.0, 1.0, 0.0,
     0.0, 0.0, 0.0, 1.0]
  - [1.0, 0.0, 0.0, 0.3,
     0.0, 1.0, 0.0, 0.0,
     0.0, 0.0, 1.0, 0.0,
     0.0, 0.0, 0.0, 1.0]
  - [1.0, 0.0, 0.0, 0.4,
     0.0, 1.0, 0.0, 0.0,
     0.0, 0.0, 1.0, 0.0,
     0.0, 0.0, 0.0, 1.0]
  - [1.0, 0.0, 0.0, 0.5,
     0.0, 1.0, 0.0, 0.0,
     0.0, 0.0, 1.0, 0.0,
     0.0, 0.0, 0.0, 1.0]

intrinsics:
  - [1000.0, 0.0,    320.0,
     0.0,    1000.0, 180.0,
     0.0,    0.0,    1.0]
  - [1000.0, 0.0,    320.0,
     0.0,    1000.0, 180.0,
     0.0,    0.0,    1.0]
  - [1000.0, 0.0,    320.0,
     0.0,    1000.0, 180.0,
     0.0,    0.0,    1.0]
  - [1000.0, 0.0,    320.0,
     0.0,    1000.0, 180.0,
     0.0,    0.0,    1.0]
  - [1000.0, 0.0,    320.0,
     0.0,    1000.0, 180.0,
     0.0,    0.0,    1.0]
  - [1000.0, 0.0,    320.0,
     0.0,    1000.0, 180.0,
     0.0,    0.0,    1.0]
